 52.9 51.6 50.5 48.7 44.8 44.1 42.2 44.6 39.4 37.7 37.6 37.2 34.7 34.6 33.1 31.4 32.4 28.9 29.9 29.3
 50.8 51.1 46.4 43.9 44.5 42.4 41.9 38.6 38.4 36.8 34.6 34.7 34.6 30.6 30.7 29.2 28.5 27.7 26.6
 48.9 45.3 43.3 42.5 42.3 40.8 38.7 37.1 32.4 33.8 33.6 31.3 29.5 29.1 26.4 27.1 28.1 27.2
 43.3 42.0 41.9 39.5 38.7 35.5 33.5 34.9 31.6 32.0 29.0 29.2 30.2 22.9 26.6 25.6 25.5
 44.3 36.6 37.2 37.3 35.9 32.3 31.5 29.2 29.7 28.1 24.7 26.2 24.4 22.1 22.5 21.5
 37.2 38.7 36.9 32.3 32.0 30.4 29.2 28.0 28.6 26.2 22.8 26.3 22.3 20.6 19.2
 35.0 33.7 31.0 29.8 28.8 27.1 28.8 25.9 25.4 22.6 21.2 20.9 21.6 19.4
 32.5 31.6 29.1 28.1 26.2 23.9 25.3 23.2 23.7 20.5 20.3 19.3 19.3
 32.1 29.5 26.7 26.8 23.6 24.6 21.2 22.0 19.2 19.8 17.5 19.2
 27.7 25.7 24.2 25.9 20.8 20.2 19.4 19.1 17.0 17.3 15.6
 26.5 25.7 23.6 22.2 17.9 18.2 19.4 15.7 15.4 15.7
 23.2 21.4 21.6 20.0 20.0 15.3 17.4 15.0 16.0
 19.2 20.5 20.1 17.3 16.0 16.6 14.9 15.1
 16.9 20.2 13.8 15.6 14.5 14.2 14.2
 18.5 17.2 17.9 14.6 14.5 12.4
 17.8 15.0 15.4 13.1 14.2
 16.2 15.9 14.7 12.8
 14.0 12.8 11.3
 12.2 11.5
 14.1
