 90.7 89.6 89.3 90.5 89.8 89.1 88.4 87.9 89.1 87.9 88.3 88.3 87.9 88.5 87.2 87.5 87.2 86.8 85.8 87.1
 89.7 90.0 89.6 88.7 90.2 88.9 88.2 88.8 88.9 88.9 87.6 88.5 88.6 86.8 87.8 88.1 85.9 87.4 85.7
 88.6 89.3 89.6 89.4 90.0 89.0 87.8 87.3 88.3 87.8 88.4 87.7 86.8 88.0 88.0 86.6 86.0 86.3
 90.0 88.5 89.3 88.5 87.9 87.8 88.1 89.9 88.4 87.7 86.9 86.0 85.8 87.3 85.6 85.3 85.4
 89.2 87.3 89.1 88.9 88.7 88.1 88.7 88.3 86.6 87.0 87.7 86.3 84.7 85.6 86.2 84.3
 88.6 87.9 89.0 88.2 89.0 89.1 86.8 86.9 87.3 86.7 85.2 86.6 86.3 87.0 84.7
 89.8 87.7 87.4 88.0 87.5 87.3 87.4 87.0 86.6 87.4 84.3 86.6 86.3 84.9
 88.4 89.3 87.3 88.7 86.8 86.4 86.8 85.7 86.3 84.3 85.3 84.7 85.1
 87.7 87.5 86.9 87.1 86.8 87.2 86.1 87.2 85.1 85.8 85.6 85.5
 87.5 87.8 87.2 86.7 87.0 86.1 85.8 86.2 84.5 85.0 83.4
 86.9 87.1 87.5 86.7 85.8 86.3 85.7 84.5 84.4 84.0
 87.9 87.0 84.5 86.9 85.4 84.7 85.2 86.0 85.2
 87.1 86.2 85.1 85.4 85.4 84.9 84.6 83.7
 87.1 84.2 84.4 85.1 84.5 84.0 83.1
 85.1 84.5 85.5 83.8 84.1 83.2
 86.1 83.2 83.8 84.7 81.6
 84.3 83.3 85.3 82.5
 84.5 83.1 81.6
 84.3 82.3
 84.7
