 78.4 76.8 77.0 76.6 74.2 75.0 73.0 72.5 73.1 71.1 70.7 68.4 68.4 68.5 66.0 66.8 67.4 65.1 64.1 67.3
 75.5 75.9 73.5 74.0 73.8 74.1 73.1 70.1 69.6 69.9 66.1 66.8 66.9 64.9 67.8 65.8 65.7 64.4 61.9
 75.0 74.9 73.3 71.5 72.7 71.0 70.4 69.0 67.4 67.2 67.2 64.9 64.9 64.6 64.1 63.7 63.6 62.6
 74.3 73.3 72.5 70.8 70.9 68.7 67.9 67.5 67.4 68.0 65.4 64.9 61.6 61.4 60.9 62.4 60.3
 71.7 69.9 69.9 69.8 70.4 69.1 68.3 67.2 64.9 64.3 64.0 61.2 61.0 60.6 60.0 59.6
 71.8 71.6 71.3 68.5 67.5 66.1 64.4 64.2 65.8 62.8 59.5 63.3 60.7 58.8 57.8
 70.4 67.9 66.3 65.1 66.2 63.8 63.9 61.2 64.2 62.0 58.6 56.8 60.8 56.2
 69.4 67.1 64.0 65.5 62.8 62.4 63.6 59.6 58.4 57.5 56.3 58.4 54.7
 66.7 66.9 65.3 63.6 60.7 61.7 59.3 59.0 56.2 56.6 54.8 56.5
 63.8 65.2 63.3 61.5 59.3 58.1 57.3 57.8 52.3 54.8 50.7
 61.9 62.2 59.9 60.0 55.9 57.6 58.1 54.5 54.9 53.9
 61.4 60.1 58.4 59.9 56.1 56.2 53.5 55.2 52.3
 58.3 56.9 57.4 56.0 55.2 52.6 51.5 52.0
 55.7 57.3 53.3 53.2 53.1 51.4 52.4
 56.5 52.4 53.7 50.4 49.5 52.3
 54.2 53.0 51.0 49.3 47.2
 50.9 53.4 51.8 47.5
 53.0 49.8 48.4
 51.1 47.0
 47.3
