 99.0 98.5 98.3 98.2 98.4 98.5 98.4 98.0 98.0 98.5 97.4 98.1 98.1 98.3 97.8 97.7 98.2 97.5 98.4 98.2
 98.5 98.2 98.2 97.7 98.1 98.2 98.2 98.7 98.7 97.6 98.0 98.0 98.1 98.4 98.8 97.6 98.1 97.7 98.0
 98.5 98.3 98.0 98.2 97.7 98.7 97.9 97.4 97.3 98.9 98.2 98.6 98.0 98.2 97.5 97.8 98.4 97.7
 99.0 98.0 98.6 98.4 97.7 98.1 97.6 97.5 97.5 97.4 98.5 98.2 97.9 97.9 97.9 97.8 96.9
 97.5 97.5 98.3 97.7 98.2 97.6 98.1 97.8 98.2 97.3 97.7 97.9 97.4 98.3 96.9 97.3
 97.6 97.7 97.9 97.7 97.9 97.7 97.4 97.8 97.7 97.2 96.9 98.5 98.2 97.1 98.0
 97.2 97.3 98.2 98.5 97.2 97.5 97.9 97.4 97.3 97.9 96.6 97.7 98.2 97.6
 97.7 98.0 97.5 98.1 97.3 98.2 98.1 98.0 98.0 97.5 98.1 96.8 96.9
 97.6 97.8 97.3 96.7 98.0 97.2 96.8 98.3 97.9 97.5 97.6 97.4
 97.6 98.1 97.3 97.2 97.1 97.4 97.7 96.7 97.3 97.0 98.4
 97.6 97.8 98.2 97.5 96.9 97.8 97.6 98.5 96.9 96.6
 97.8 96.9 97.3 97.2 98.0 97.5 97.1 97.6 97.0
 96.5 97.1 97.8 97.3 97.2 98.0 97.1 97.3
 97.1 97.6 97.2 97.9 97.3 97.6 98.0
 96.8 96.8 97.3 96.7 97.1 96.9
 96.8 96.6 97.2 96.2 97.5
 95.9 96.9 96.4 97.5
 97.3 96.0 96.4
 96.6 96.8
 96.7
