 69.1 68.3 67.4 67.1 66.4 65.7 65.1 65.0 64.4 61.9 63.6 62.4 62.5 61.2 61.3 60.8 60.1 60.0 59.3 58.4
 69.9 69.8 67.3 66.6 64.1 65.9 61.7 61.6 60.2 61.8 61.1 61.2 62.6 58.9 60.1 58.9 60.3 56.6 57.3
 66.8 63.8 66.3 63.8 62.7 64.0 61.0 60.9 58.3 61.2 58.7 60.1 57.9 57.1 57.9 60.2 55.4 59.5
 64.1 65.4 62.5 62.1 62.8 61.6 58.7 58.9 58.7 60.9 58.6 57.4 58.7 56.5 57.2 55.8 54.9
 63.9 63.0 61.6 60.8 60.8 60.4 57.5 58.8 57.1 58.4 55.7 55.6 55.6 53.8 54.3 54.7
 60.9 62.5 60.5 60.0 59.5 59.4 58.9 59.9 54.8 56.9 55.2 54.3 55.1 53.6 52.8
 60.8 63.0 59.5 58.9 57.0 58.1 56.7 55.2 52.2 54.6 53.6 54.6 52.8 51.7
 61.9 58.3 58.7 59.4 56.2 54.0 54.9 53.5 53.8 55.1 50.6 50.1 52.1
 55.0 55.1 53.0 55.2 53.0 51.7 49.7 54.0 52.7 52.3 50.6 48.8
 55.2 54.9 55.3 54.3 50.4 53.5 50.8 51.4 51.2 52.1 50.4
 53.1 54.6 53.7 50.2 50.5 52.2 46.8 49.5 47.5 49.9
 53.3 49.5 50.9 50.6 50.8 48.0 48.5 49.5 48.2
 48.9 52.2 50.1 49.3 46.7 49.4 47.8 47.3
 48.2 47.8 46.2 46.0 47.5 47.3 46.9
 47.5 46.6 47.1 47.7 45.1 45.5
 46.1 46.3 47.5 45.1 45.7
 44.9 45.9 46.0 44.3
 44.1 45.5 44.2
 44.5 42.9
 42.0
