 38.7 39.6 38.2 37.4 36.4 35.8 33.7 34.0 31.1 31.6 28.6 31.2 29.9 28.1 29.4 28.0 29.1 25.6 23.9 26.3
 40.5 36.5 38.2 35.7 33.1 33.2 30.1 29.1 28.6 31.1 30.6 25.9 27.3 26.0 26.9 25.4 26.1 26.6 27.2
 36.7 35.1 35.0 33.0 29.1 32.2 31.4 29.3 26.1 29.6 25.7 25.7 25.1 24.7 24.3 26.0 21.8 22.2
 33.9 33.2 30.7 30.6 31.0 30.3 26.1 26.3 25.2 28.9 25.4 24.2 24.9 23.9 25.5 21.8 21.6
 33.3 32.0 28.8 26.5 28.7 25.3 27.9 23.9 24.8 24.7 23.2 21.8 20.9 20.8 20.3 20.4
 29.1 28.8 28.6 26.8 26.7 24.5 25.7 26.1 24.1 23.0 21.6 21.5 21.3 21.1 18.7
 28.4 28.9 25.8 24.2 23.5 23.2 22.3 22.7 21.6 22.3 19.9 19.6 18.4 18.6
 27.0 26.7 25.5 23.7 21.6 19.9 22.7 21.4 22.3 21.2 18.7 16.5 19.3
 25.5 22.1 22.5 21.7 20.4 16.7 18.9 19.7 19.6 18.4 17.8 16.0
 20.3 22.1 21.2 19.9 19.2 18.8 18.2 19.9 16.6 17.4 17.3
 19.1 19.9 20.8 19.5 19.2 18.3 15.7 16.4 15.2 16.3
 20.5 18.0 18.8 18.0 17.8 15.8 17.0 16.1 16.3
 17.8 19.0 15.7 16.4 16.7 15.9 14.9 15.5
 16.5 16.8 16.1 15.1 14.1 14.9 14.8
 14.5 13.3 14.9 15.1 11.1 13.0
 15.2 14.0 15.0 13.3 14.2
 16.1 13.2 12.2 12.2
 13.3 13.2 14.1
 13.2 12.4
 11.8
