 94.2 93.9 93.9 93.7 93.7 93.9 92.5 93.6 93.6 93.6 92.1 93.3 93.2 93.9 93.1 92.9 93.3 91.6 93.4 92.1
 93.8 93.8 94.0 93.4 94.1 93.0 93.9 94.4 93.5 92.6 92.2 93.5 93.9 92.9 92.4 92.5 93.2 91.9 93.3
 93.5 94.3 92.3 93.9 92.3 94.0 92.9 92.1 92.5 92.5 93.4 92.8 93.4 92.1 92.6 92.1 93.0 92.6
 93.7 93.5 92.9 93.5 93.1 92.0 92.9 92.1 92.3 92.1 92.1 93.1 92.7 92.2 92.2 92.0 92.6
 93.1 92.5 93.1 92.2 92.7 92.2 92.6 91.8 92.3 93.4 93.1 92.1 91.7 92.2 91.0 91.4
 92.2 93.6 92.8 92.4 92.4 92.0 92.1 92.3 92.9 91.8 91.0 92.7 92.5 92.6 92.1
 93.4 92.5 92.8 93.1 91.4 91.8 92.6 91.8 91.2 91.6 91.2 92.6 92.3 91.9
 92.4 91.8 91.9 92.6 91.3 93.0 91.9 91.8 93.4 92.3 93.0 91.1 91.4
 92.3 91.6 91.4 92.1 91.7 91.6 91.3 91.4 91.4 91.9 91.8 92.8
 91.5 92.2 91.6 91.1 91.6 90.8 92.2 91.0 91.8 91.3 92.1
 92.1 92.4 93.3 91.6 90.8 91.9 91.6 91.9 91.1 89.7
 91.8 91.8 91.7 91.8 90.6 90.4 91.1 90.9 89.7
 90.6 91.8 91.8 91.6 91.2 91.7 90.8 91.1
 91.5 92.4 90.7 90.9 91.5 90.9 91.2
 90.4 90.3 90.8 90.3 90.7 91.1
 91.4 91.2 89.4 91.0 90.3
 89.9 90.8 89.7 90.5
 90.2 89.4 91.3
 90.0 90.1
 89.6
