 87.1 85.6 86.6 84.8 85.5 85.0 83.3 85.2 83.6 83.2 82.1 83.8 82.3 82.5 83.1 81.8 83.0 81.0 83.6 80.6
 85.4 86.9 85.2 84.8 84.2 84.3 83.6 83.0 83.1 82.6 84.3 82.3 82.2 81.1 82.9 82.1 82.1 81.5 81.6
 86.0 84.4 84.1 84.0 83.1 83.5 83.6 83.0 82.6 83.1 82.1 81.6 81.9 80.9 81.9 81.7 81.7 83.1
 84.0 83.3 83.4 83.3 82.5 82.5 81.9 81.9 81.6 82.4 81.9 83.2 80.9 80.7 81.3 80.8 79.1
 83.9 82.2 82.4 83.2 82.2 82.1 81.7 82.5 81.0 82.0 81.6 80.3 80.3 78.6 79.5 80.7
 81.7 82.4 82.1 81.9 82.9 80.4 80.2 80.8 79.4 79.3 80.6 78.7 80.9 80.1 79.8
 82.6 82.5 81.9 82.2 81.0 81.0 81.8 79.3 78.1 81.1 80.3 79.9 79.0 79.0
 82.0 80.2 81.0 80.5 79.6 82.0 79.7 79.2 80.2 79.5 79.4 78.7 76.9
 80.2 80.6 79.3 80.2 80.4 78.0 79.2 80.2 78.8 78.7 80.1 78.9
 81.5 80.3 79.9 79.2 78.6 79.1 78.2 78.9 77.8 78.5 78.6
 80.2 78.4 80.7 78.4 78.4 77.7 76.3 77.3 75.5 77.5
 78.3 79.0 78.7 78.6 79.0 74.6 75.9 78.1 77.0
 77.3 79.3 78.1 78.3 76.2 77.2 75.4 77.2
 78.6 77.9 76.4 77.6 77.5 77.9 76.7
 78.3 75.4 76.7 76.7 75.7 76.0
 75.0 76.6 74.9 75.8 76.0
 73.4 75.4 72.5 74.5
 74.6 74.1 74.4
 73.1 73.8
 72.4
