 94.1 92.9 94.1 92.9 93.2 92.4 93.5 92.5 92.3 92.2 92.5 91.9 91.8 91.7 91.8 91.8 91.8 90.9 90.8 90.2
 93.4 94.2 93.3 93.8 92.3 92.4 92.5 92.1 92.5 92.1 91.7 90.5 91.4 91.7 89.8 89.5 91.2 90.3 90.0
 93.7 93.7 94.4 93.6 92.7 92.8 92.5 92.3 91.6 91.7 92.4 91.6 90.7 91.2 92.2 90.8 90.4 90.1
 92.0 94.0 92.8 92.3 92.5 92.9 92.3 91.8 91.5 91.6 91.7 91.3 91.1 91.3 90.2 90.7 90.3
 92.8 92.6 92.7 92.6 93.1 91.9 92.4 93.0 93.1 91.4 91.7 90.9 90.6 90.4 90.4 89.8
 91.4 93.8 91.7 93.0 91.8 92.2 91.9 92.2 92.2 92.3 89.6 89.1 90.9 89.6 90.1
 93.1 92.3 91.2 91.1 91.3 91.9 92.0 91.7 89.5 92.0 90.3 90.2 87.9 89.5
 92.9 92.9 92.3 92.0 91.6 91.9 92.2 91.3 92.1 89.9 91.7 88.8 90.4
 92.1 92.5 92.4 92.3 91.1 91.4 90.5 91.0 90.6 90.9 90.9 89.8
 91.6 91.8 92.1 92.1 90.6 91.4 90.9 90.1 90.7 89.4 89.9
 91.1 91.4 91.4 89.1 91.4 90.7 90.0 89.7 88.4 88.9
 90.7 91.1 91.2 89.5 89.0 90.0 89.1 90.0 89.6
 91.2 90.8 91.2 90.5 89.8 89.7 89.7 88.6
 91.0 89.9 89.6 89.5 89.0 89.8 90.3
 91.2 91.1 89.9 89.6 89.0 89.8
 91.6 90.6 87.4 88.4 89.8
 91.1 89.9 87.3 89.2
 88.2 88.9 89.0
 90.7 89.6
 88.9
