 82.1 81.0 82.3 78.8 79.4 80.0 78.7 78.1 77.1 77.5 76.2 75.7 73.8 71.8 73.2 71.2 72.4 70.6 69.0 68.1
 81.4 81.8 78.8 79.8 79.1 78.7 77.9 77.5 74.2 74.4 74.6 72.9 72.2 69.9 69.6 69.4 71.0 69.4 67.3
 81.9 80.4 79.0 79.5 78.8 76.7 78.0 73.5 73.4 72.3 73.8 72.2 70.5 69.3 70.6 67.4 67.8 65.7
 80.2 80.6 77.0 75.3 77.1 75.7 74.5 74.4 72.9 70.5 72.2 68.7 67.7 68.1 69.1 65.6 64.2
 78.7 75.6 76.8 74.6 74.9 75.0 70.4 72.4 71.4 68.2 67.8 67.4 65.6 65.0 65.2 64.9
 76.8 75.9 75.6 76.4 71.1 71.5 71.1 71.0 69.5 70.4 67.4 66.5 64.7 63.7 64.1
 75.9 75.3 74.6 71.4 70.2 69.5 70.8 67.3 66.2 68.7 65.1 64.5 63.9 63.8
 75.1 73.1 74.0 69.7 70.0 69.8 69.1 67.5 65.8 64.2 64.2 62.0 63.3
 70.9 71.3 72.8 69.3 69.0 66.5 64.4 63.9 63.4 64.3 63.2 63.3
 70.3 70.5 69.5 68.0 66.3 66.3 66.3 63.4 64.1 61.6 59.3
 68.6 69.6 68.0 64.3 64.5 65.3 61.6 61.8 60.6 58.7
 68.0 67.1 66.7 64.4 62.1 61.6 62.8 60.3 60.8
 66.8 65.4 65.1 63.7 63.5 60.2 58.4 58.2
 62.9 62.9 62.2 60.3 59.1 58.3 59.7
 64.0 61.9 60.2 61.2 58.6 58.4
 61.3 61.2 55.9 56.1 57.6
 61.6 57.5 56.8 56.5
 56.7 55.3 56.2
 58.3 58.3
 57.1
