 24.1 22.8 18.1 21.2 17.4 19.0 15.4 13.0 10.8 10.1 10.8 9.4 9.4 7.2 8.0 7.0 6.1 5.3 5.3 6.2
 19.3 20.8 17.6 14.3 11.6 14.4 13.1 11.6 10.2 10.4 8.2 6.6 8.4 6.4 7.7 5.1 5.8 5.1 5.5
 18.1 17.9 15.1 13.3 12.0 10.6 10.3 8.3 8.1 7.2 5.8 7.0 5.1 5.9 4.4 4.9 5.7 4.7
 15.3 13.8 13.0 10.7 10.7 11.1 7.6 8.1 7.2 6.2 6.8 5.9 5.1 5.5 3.9 3.9 3.6
 13.7 12.2 9.6 9.5 7.7 9.2 7.3 7.4 5.9 6.0 4.4 3.9 3.9 3.2 3.4 2.6
 11.6 8.3 9.6 8.8 6.5 7.4 6.1 4.9 4.5 3.8 3.4 3.6 3.9 3.0 2.7
 10.1 8.8 8.0 7.1 5.7 4.2 4.9 3.8 4.1 3.6 4.3 3.3 1.9 2.2
 8.7 7.0 6.2 6.0 4.7 4.8 5.7 3.2 3.7 2.4 2.2 3.5 3.0
 6.9 6.5 5.3 3.9 6.0 4.3 3.1 3.2 2.7 2.3 2.7 3.3
 5.0 6.3 5.1 4.1 3.2 3.1 3.0 2.6 3.7 2.3 1.0
 4.6 4.5 2.6 2.6 2.5 2.3 3.2 2.7 1.5 1.4
 4.1 2.8 3.5 2.3 2.6 2.1 1.1 2.0 1.5
 4.1 2.1 3.5 2.2 1.4 2.4 2.1 1.3
 2.9 2.0 2.0 1.8 2.0 1.7 1.2
 2.8 2.7 1.8 1.7 1.7 1.2
 1.9 1.7 1.4 1.1 1.2
 2.0 1.7 1.4 1.1
 1.2 0.9 1.2
 1.0 1.0
 1.5
