 58.8 58.1 56.4 51.6 51.9 50.2 48.3 43.0 43.5 41.8 40.1 38.6 39.6 34.6 35.5 34.7 33.1 32.6 29.6 31.9
 56.0 53.3 50.0 48.3 46.2 46.5 45.7 43.2 41.1 38.4 37.5 36.0 34.8 34.4 32.8 31.4 31.2 29.5 28.6
 55.5 51.8 48.5 44.8 45.0 41.3 41.8 37.8 36.0 36.0 31.7 33.6 31.1 32.1 28.4 28.8 30.5 27.1
 50.3 49.2 45.3 41.9 43.2 39.5 37.4 36.7 34.0 34.6 33.1 31.2 30.4 30.8 28.7 26.2 26.7
 48.1 43.9 41.6 41.3 38.7 37.1 34.4 34.1 30.7 28.9 28.2 27.4 29.8 24.5 25.8 21.8
 46.4 39.9 39.9 40.4 35.3 34.9 33.3 30.1 28.9 28.8 26.5 24.4 26.2 23.3 23.3
 41.4 39.6 36.1 33.9 30.9 29.4 30.2 27.3 25.7 26.5 24.6 22.5 23.5 20.9
 37.1 34.9 34.4 31.5 31.5 31.5 28.7 26.3 25.6 22.2 21.3 21.5 20.9
 33.9 33.6 33.8 28.5 30.6 27.6 23.6 23.2 22.7 20.8 22.6 20.9
 32.3 31.1 27.9 28.0 24.3 27.3 24.3 23.3 22.3 21.2 18.8
 28.8 30.1 24.6 24.0 22.5 22.6 22.5 19.2 17.4 19.0
 27.6 25.2 24.3 23.4 22.7 20.1 20.1 19.5 17.4
 26.8 20.9 22.9 22.8 18.8 19.6 17.2 16.8
 21.1 22.7 20.9 18.8 17.0 17.3 17.7
 21.0 21.7 19.0 18.1 15.7 15.1
 19.9 19.0 15.0 14.8 16.4
 18.1 15.5 16.6 15.6
 15.7 15.6 16.0
 17.2 14.9
 15.7
