 46.4 48.7 43.9 43.3 40.0 42.0 39.9 38.5 36.5 36.0 34.1 31.4 33.5 30.5 34.4 29.8 29.0 30.8 29.5 30.0
 44.1 40.9 39.1 38.9 36.8 37.6 33.2 33.6 32.1 32.8 31.5 30.1 29.9 27.6 27.0 25.7 29.0 28.0 26.3
 38.3 39.2 36.8 35.9 34.9 32.1 31.1 30.0 30.0 29.9 27.8 28.9 28.2 25.9 23.3 24.9 22.1 23.4
 38.2 35.3 34.0 32.7 28.7 27.6 29.5 26.7 26.4 23.0 23.3 26.1 23.4 24.0 22.9 23.1 20.7
 33.9 31.2 31.7 26.0 26.8 27.5 22.6 25.4 25.6 23.7 24.4 22.1 20.0 20.0 20.5 21.0
 27.3 28.3 26.4 26.4 25.4 24.2 22.5 23.7 21.2 21.9 20.0 18.5 17.2 19.2 16.7
 26.3 23.9 24.9 22.0 22.9 22.2 20.4 19.7 19.1 20.0 19.0 18.0 16.3 16.5
 24.5 22.8 23.0 19.8 20.1 19.5 17.4 18.8 16.7 16.7 16.2 15.9 15.6
 21.8 18.9 17.8 18.9 18.7 16.5 18.0 14.7 14.9 14.2 14.0 15.8
 19.0 16.5 16.5 17.0 16.2 16.4 16.4 15.9 12.6 12.4 13.1
 18.7 15.3 16.4 15.3 14.3 14.4 13.3 12.7 11.6 13.2
 14.5 13.9 13.1 13.8 12.5 12.4 11.6 11.9 10.0
 12.7 14.7 12.7 11.7 12.4 11.9 12.9 11.7
 13.6 11.1 10.4 11.4 11.4 11.4 10.3
 12.4 11.0 11.0 10.9 10.7 10.6
 11.6 8.8 10.1 9.6 9.4
 10.4 10.1 10.3 7.8
 9.9 10.6 8.8
 8.8 8.9
 7.9
