 94.0 94.4 93.6 93.3 93.8 93.8 92.5 92.1 92.0 91.3 89.9 91.2 89.5 90.5 88.2 88.7 88.3 87.9 87.4 88.2
 93.7 94.1 91.5 92.0 91.3 91.0 91.1 89.9 89.7 89.3 87.4 89.8 87.7 88.0 87.9 86.4 86.4 88.5 85.8
 92.3 90.9 90.3 90.5 91.2 91.4 89.0 89.2 88.5 88.1 87.4 85.7 84.7 85.5 85.0 84.8 85.7 83.6
 91.6 91.2 89.5 90.1 88.1 88.5 87.9 86.8 86.1 85.3 85.5 84.7 85.9 82.7 82.9 82.6 83.1
 89.0 89.7 87.5 86.7 86.8 86.0 87.7 84.7 83.2 84.4 82.5 83.2 80.3 84.2 79.7 79.7
 87.1 88.2 86.2 85.2 83.4 85.0 84.7 83.4 82.9 80.5 82.8 81.6 79.7 79.6 76.0
 86.1 85.0 84.5 83.8 81.6 80.7 80.1 80.4 78.6 79.0 77.2 77.6 76.4 77.9
 84.4 81.7 82.2 81.9 80.7 79.5 78.2 78.2 74.9 75.4 75.3 76.3 73.2
 83.1 80.8 80.0 79.9 76.7 78.7 77.1 76.1 73.8 73.8 73.6 72.4
 79.1 77.2 78.9 75.6 74.4 75.4 73.2 73.6 71.8 71.2 72.6
 78.3 76.7 76.5 74.8 72.4 71.7 71.9 70.9 73.3 67.8
 75.3 71.9 73.7 71.0 72.3 70.7 68.9 67.9 66.8
 71.6 72.7 70.5 66.8 67.3 69.0 67.2 67.9
 69.4 67.0 67.6 66.5 65.7 66.4 65.7
 68.4 66.6 66.8 62.8 65.9 63.1
 65.2 63.9 64.7 63.7 62.7
 64.2 61.7 61.7 58.5
 58.6 60.7 58.9
 59.5 60.8
 59.7
