 78.0 78.3 77.8 75.2 75.0 73.1 73.6 70.5 71.8 69.8 69.2 68.4 66.3 67.0 64.1 64.1 64.7 63.2 63.7 63.8
 77.0 75.6 74.5 75.0 71.9 70.9 69.0 67.9 65.8 67.8 63.3 63.8 62.9 63.0 59.7 63.0 60.6 60.9 60.0
 70.4 71.9 71.5 68.6 64.7 65.7 63.2 62.6 64.6 65.0 62.2 59.1 58.8 57.8 56.5 57.5 58.2 57.0
 69.6 67.1 68.5 65.6 64.2 62.4 61.5 61.9 60.6 59.4 57.0 56.7 54.6 57.9 53.1 54.1 54.2
 64.2 64.8 64.5 63.1 63.2 58.1 58.2 58.4 54.4 55.4 53.7 53.9 53.3 53.6 51.7 49.6
 62.4 61.3 60.0 56.4 55.2 54.2 54.2 50.4 51.9 52.2 50.1 51.0 47.1 48.1 47.7
 56.1 57.9 56.7 56.0 53.0 52.5 51.4 48.7 46.8 49.8 47.9 46.4 44.9 43.5
 54.8 52.1 53.7 54.0 49.2 49.4 49.3 46.1 46.2 44.0 45.8 42.1 43.4
 52.1 53.6 49.5 48.3 46.2 46.9 45.5 43.5 42.3 43.1 39.5 41.6
 46.9 47.1 45.0 45.5 44.1 43.9 43.0 40.8 41.5 39.8 39.3
 45.3 42.7 42.3 42.8 39.2 39.3 39.0 39.1 37.5 35.6
 42.9 42.8 40.2 41.8 40.3 36.6 39.0 38.6 35.7
 40.6 41.3 38.0 37.3 36.4 37.3 35.8 34.9
 37.8 39.6 37.5 33.3 35.3 33.9 33.0
 35.6 33.5 32.5 33.8 32.0 32.1
 35.1 35.0 30.2 32.6 28.7
 32.4 31.0 31.3 33.7
 29.5 29.2 28.9
 30.7 27.6
 30.7
