 82.3 81.5 82.8 82.1 81.1 80.4 81.5 80.6 79.6 80.1 77.8 76.7 79.3 76.1 76.5 78.0 75.4 74.7 71.7 73.0
 84.1 82.1 80.9 80.2 80.7 80.8 78.6 78.7 78.8 76.8 77.0 76.6 75.8 76.8 73.7 75.2 72.9 72.6 74.7
 81.3 81.9 81.0 80.2 79.6 79.6 78.5 78.0 77.8 74.7 76.3 74.9 73.5 72.8 74.1 73.7 73.1 72.1
 80.4 78.9 79.0 79.4 78.0 77.1 77.0 76.6 74.1 75.3 73.4 71.5 73.4 74.3 70.6 73.1 71.1
 79.0 77.2 77.6 76.0 77.1 75.1 77.3 74.3 72.9 74.3 73.2 73.4 71.1 72.5 71.3 68.9
 77.8 76.1 78.0 77.5 75.7 73.7 72.5 73.5 71.3 72.3 72.0 72.2 72.0 69.5 68.8
 77.3 75.7 73.8 75.5 74.1 72.3 71.8 73.6 70.7 71.0 68.8 68.9 69.2 68.6
 75.7 75.0 72.2 73.9 71.5 72.8 69.9 70.6 68.8 67.6 67.7 67.2 68.4
 73.9 73.3 73.3 72.0 71.1 70.4 68.6 67.8 68.5 68.4 68.0 65.7
 73.0 70.9 71.1 70.9 68.1 69.3 68.9 67.8 66.3 67.5 66.4
 70.7 68.3 69.3 68.1 67.8 65.8 65.3 66.4 64.0 64.1
 71.6 67.8 67.0 65.0 66.5 65.2 64.3 64.7 62.5
 67.9 66.9 64.4 65.3 63.5 63.1 64.0 61.2
 64.8 64.4 66.9 64.5 61.9 62.8 58.7
 67.0 63.4 61.6 62.0 62.1 60.3
 63.0 62.2 61.6 60.2 60.5
 60.9 60.5 60.6 58.8
 57.1 59.1 58.5
 56.6 56.6
 55.8
