 60.6 61.3 58.9 59.2 55.8 56.4 52.5 51.5 52.2 52.3 47.7 49.2 49.2 45.3 45.6 45.4 42.3 42.3 40.5 40.7
 61.2 59.0 57.4 55.7 54.5 54.0 52.5 50.1 51.0 47.8 47.3 44.9 44.6 44.4 40.2 43.4 40.7 39.3 42.4
 56.9 57.1 55.7 54.9 51.6 51.3 50.0 48.3 47.7 46.1 43.6 42.9 40.1 41.6 39.8 39.3 37.9 37.9
 54.0 49.8 52.4 50.9 49.4 48.4 48.6 43.3 44.6 44.1 42.1 37.9 42.6 40.4 37.4 39.2 35.7
 51.9 51.0 48.7 47.5 45.8 43.5 44.8 40.4 40.4 41.5 38.3 37.0 36.2 38.5 33.9 32.8
 46.9 47.3 46.3 44.5 42.3 41.4 40.1 40.3 37.1 39.0 36.6 36.3 33.2 36.1 34.2
 45.2 43.5 42.0 42.6 42.3 40.1 38.0 36.9 36.3 36.8 33.0 34.1 34.0 30.3
 43.5 42.9 40.2 41.6 37.2 39.5 35.5 34.0 32.6 33.0 32.9 33.4 31.2
 40.1 39.5 37.9 37.2 36.5 33.9 33.8 32.9 33.7 30.9 29.8 28.0
 38.5 36.3 36.2 34.9 32.8 32.3 31.9 32.0 30.0 27.9 29.5
 36.6 34.3 33.5 31.9 32.4 29.5 30.0 29.2 27.4 26.6
 35.5 31.2 30.3 29.8 26.3 27.6 26.2 28.3 26.8
 30.8 29.4 29.1 28.9 27.6 26.4 26.0 26.7
 28.1 28.1 29.7 25.9 26.7 26.3 23.0
 28.3 27.7 26.0 26.1 24.1 22.6
 25.3 24.3 23.6 22.4 24.7
 24.6 21.3 22.3 22.6
 20.0 22.3 21.1
 21.3 22.3
 20.0
