 31.0 26.9 27.1 26.4 21.7 23.3 19.6 18.8 17.3 17.0 15.2 15.3 14.3 11.5 12.3 12.5 10.8 10.9 10.5 9.1
 27.2 25.1 22.5 21.8 19.7 21.3 18.2 18.3 16.6 15.2 14.9 14.9 13.9 12.5 10.2 10.0 9.2 10.5 10.9
 23.9 24.4 22.8 20.2 17.7 17.5 15.7 12.4 13.9 13.8 12.8 10.9 11.8 10.4 9.3 8.4 8.5 9.3
 22.4 18.0 17.8 19.3 16.8 14.7 14.7 14.3 11.8 11.4 11.4 9.4 9.3 8.4 8.4 8.9 8.7
 18.0 17.1 16.3 14.4 14.1 13.7 10.8 9.4 8.8 9.3 9.2 8.2 8.6 8.0 7.3 7.4
 15.9 15.6 13.1 14.6 11.0 10.2 10.8 10.0 9.3 10.1 8.0 7.4 6.8 6.7 7.3
 11.6 11.7 11.8 13.0 11.2 10.1 8.2 8.7 6.9 7.9 5.9 5.7 6.5 5.9
 12.5 10.5 10.4 10.4 9.6 8.3 8.4 7.5 6.8 7.3 5.1 6.1 5.5
 10.8 9.3 9.1 10.6 7.9 7.1 7.2 7.1 5.6 5.0 4.5 5.3
 9.2 9.2 7.8 8.8 6.6 5.3 6.6 5.8 5.3 4.3 5.1
 8.2 7.1 6.7 7.1 6.4 4.8 4.3 4.0 4.3 3.4
 6.3 5.6 5.4 5.4 3.6 4.9 3.5 4.9 3.0
 6.9 5.7 5.3 3.9 5.4 3.9 4.1 4.5
 5.7 4.6 4.9 4.0 4.9 3.3 3.9
 4.8 3.9 4.3 3.5 3.8 3.3
 3.3 3.8 3.3 3.7 3.5
 2.8 2.5 3.3 3.4
 2.6 2.2 2.9
 2.2 2.8
 2.5
