 94.1 91.5 92.1 92.8 92.3 92.2 93.5 92.6 93.0 93.0 91.9 91.5 92.9 91.2 91.0 91.3 92.0 91.4 89.7 91.2
 93.6 92.8 93.1 92.1 91.5 92.4 92.3 91.1 91.2 92.4 90.7 91.8 90.9 90.9 91.5 91.0 91.3 90.9 91.2
 92.3 93.1 91.6 92.8 91.9 91.7 92.0 91.0 92.1 91.0 91.5 89.6 89.9 90.4 90.4 90.8 89.4 90.7
 91.8 91.7 91.6 92.3 92.3 91.8 90.8 91.5 91.1 91.1 90.4 89.9 90.4 89.7 89.6 89.4 89.2
 92.4 91.7 91.9 91.2 90.7 90.5 91.4 90.9 89.9 91.5 90.5 90.5 90.3 90.7 90.9 88.7
 91.6 90.6 90.8 91.9 90.9 90.4 89.2 89.9 90.1 90.3 91.1 89.7 90.3 90.1 89.3
 91.6 92.0 90.4 91.1 92.1 90.2 90.4 91.1 88.9 89.3 90.2 89.8 89.2 89.0
 90.8 91.4 90.9 90.9 90.4 89.2 88.7 89.9 89.5 88.5 89.4 89.7 90.4
 90.7 90.2 89.8 90.9 89.8 89.8 90.2 89.6 89.5 89.2 88.8 89.2
 89.8 90.1 89.9 90.6 88.4 90.0 89.8 89.0 90.6 88.3 89.2
 89.9 88.9 88.4 89.8 89.9 88.9 88.9 88.7 88.5 88.3
 89.1 88.8 88.9 89.0 88.8 89.0 88.1 88.1 87.7
 89.1 87.7 88.1 87.5 87.1 88.3 88.2 88.2
 87.9 88.1 88.9 87.9 87.3 88.5 86.6
 88.6 88.4 88.0 86.9 88.1 86.4
 88.1 87.3 86.5 86.5 86.7
 85.9 86.6 86.8 86.7
 86.4 87.9 87.1
 85.2 85.7
 85.4
