 86.9 87.0 84.1 85.1 84.8 83.9 82.9 81.8 80.1 82.1 80.5 79.4 80.1 79.3 77.7 77.5 76.3 76.3 75.0 75.5
 85.3 85.1 83.2 82.5 84.6 82.2 81.9 80.3 81.3 78.9 78.2 77.1 79.3 75.8 76.4 76.0 74.5 75.1 73.6
 84.6 83.3 82.8 82.1 82.6 80.8 79.7 80.2 78.0 77.2 78.5 76.9 75.9 75.8 75.4 74.4 70.8 71.4
 83.7 83.4 81.7 81.3 80.8 81.6 79.3 78.5 76.7 76.7 73.9 74.1 74.7 71.5 73.0 70.8 72.4
 81.5 80.2 78.8 79.8 79.5 77.0 76.3 74.9 76.9 74.2 74.7 71.7 71.4 71.7 72.2 70.7
 80.7 78.1 78.5 79.4 77.0 77.7 75.7 75.2 74.0 72.8 72.3 72.4 70.3 70.9 70.1
 80.5 78.1 79.3 77.6 77.4 74.7 76.0 72.8 73.6 71.0 69.0 68.3 70.8 69.7
 76.1 76.1 75.4 76.9 74.9 72.5 70.8 69.9 69.1 69.1 71.5 67.9 66.4
 75.6 73.8 75.5 74.5 72.7 70.8 70.1 71.4 68.3 67.1 66.8 66.2
 74.7 73.6 72.2 70.9 68.2 71.6 70.5 68.0 64.8 64.5 64.4
 72.9 71.8 70.1 69.7 69.3 67.0 65.8 64.5 63.1 64.3
 70.2 68.4 69.5 66.3 67.4 66.8 64.4 64.4 63.0
 69.7 67.9 65.0 68.5 65.5 63.7 64.3 61.7
 66.9 67.6 63.9 64.8 61.8 61.4 62.7
 64.3 63.8 63.9 63.0 60.7 61.5
 63.5 63.4 62.0 61.6 61.6
 62.0 60.4 62.3 58.6
 59.0 61.3 58.8
 61.0 57.2
 58.9
