 67.4 65.0 63.5 63.3 61.0 59.5 59.5 57.3 54.8 53.7 52.7 51.9 50.3 48.5 49.0 46.9 44.6 42.6 43.8 42.9
 65.9 63.8 62.1 57.9 59.3 56.5 56.5 54.2 53.7 52.0 48.9 46.2 49.1 46.5 43.6 46.0 44.4 43.1 39.0
 62.9 61.8 57.7 58.4 55.6 55.4 51.6 52.1 48.7 47.5 47.3 48.1 43.3 42.2 40.4 39.7 38.3 39.6
 59.3 58.0 54.8 54.1 54.7 52.3 47.9 49.0 46.5 45.5 44.4 40.2 42.0 40.5 38.0 38.9 38.0
 55.2 53.2 53.1 53.3 47.6 46.2 44.2 44.7 46.2 39.6 42.2 39.9 39.2 39.4 36.1 37.0
 54.1 50.7 49.5 47.9 48.0 44.1 43.6 43.3 41.1 40.8 37.7 39.3 33.1 35.1 33.8
 51.5 47.8 45.5 44.2 44.1 43.2 40.8 37.6 39.1 37.8 36.5 32.5 34.7 32.4
 45.4 46.8 44.2 43.9 42.4 37.8 38.6 37.5 34.9 32.9 36.4 31.6 30.1
 44.8 45.2 42.1 42.3 37.7 34.8 38.6 35.0 32.8 32.4 32.2 31.6
 43.0 41.5 38.5 37.0 34.4 38.0 32.5 34.0 31.0 29.8 28.8
 40.8 36.9 35.0 36.4 35.1 32.9 29.8 31.9 27.7 27.9
 38.6 34.7 32.9 33.9 30.8 28.4 30.2 27.4 27.9
 33.6 30.6 31.5 29.9 29.1 29.9 27.6 25.1
 31.7 32.1 28.5 30.4 26.9 24.4 25.7
 30.2 28.5 26.6 26.8 24.3 25.7
 28.6 27.4 26.2 24.8 25.1
 27.8 25.3 26.0 23.2
 23.5 23.9 21.1
 23.6 23.7
 23.6
