 93.9 95.3 93.7 94.9 93.7 94.5 93.3 92.7 93.0 92.5 92.8 92.6 93.0 92.5 92.8 92.8 90.8 91.9 91.4 91.4
 94.9 93.7 93.5 92.8 94.5 92.6 94.3 93.3 93.4 92.4 92.2 91.3 92.7 91.5 91.4 91.2 91.6 91.3 91.1
 94.3 93.8 93.5 93.6 92.8 92.8 93.5 92.2 92.0 93.2 93.4 91.6 91.2 92.1 90.8 91.2 90.8 90.2
 93.6 94.0 93.0 92.8 93.9 93.7 93.4 92.8 91.9 91.4 90.9 90.8 91.0 89.3 91.1 91.4 90.3
 92.7 92.9 92.6 92.9 93.4 92.7 91.0 92.4 91.9 91.7 91.7 90.0 90.6 90.6 91.3 90.9
 92.5 92.2 91.8 92.2 92.5 92.2 92.3 91.4 90.5 90.6 90.8 91.1 89.0 89.8 90.0
 92.9 92.7 92.4 92.5 91.7 90.8 92.0 90.9 90.9 90.9 89.5 88.8 90.1 88.6
 91.5 91.0 92.6 92.5 91.4 91.2 90.5 88.7 90.3 88.3 89.3 89.5 89.1
 91.0 90.4 91.7 91.2 89.3 89.9 89.7 90.8 88.6 88.6 88.0 87.9
 91.4 90.7 90.0 89.3 90.0 90.6 90.3 89.9 87.9 86.8 87.2
 90.7 90.5 89.3 88.5 89.7 89.3 88.2 88.8 87.2 87.2
 90.5 89.2 90.2 89.0 88.7 87.5 89.1 87.8 87.0
 89.6 87.8 88.2 87.9 88.4 87.5 87.4 86.5
 89.4 88.3 87.3 88.1 86.8 85.8 86.1
 87.7 87.9 87.0 86.4 88.0 86.4
 86.7 86.0 86.1 85.9 86.5
 86.7 86.2 85.5 85.9
 86.5 86.2 86.1
 84.1 85.5
 83.7
