 37.7 32.6 31.7 27.4 27.9 25.9 22.5 23.4 19.6 19.3 17.8 17.6 16.6 15.3 14.7 13.3 13.6 10.2 12.6 11.5
 31.9 31.5 27.8 24.1 23.4 23.0 22.1 20.0 18.6 17.8 16.3 14.6 14.6 12.9 12.9 13.7 10.9 10.1 10.9
 27.9 27.2 26.4 24.2 20.0 20.0 18.1 16.6 15.1 12.3 14.7 13.5 12.1 10.7 9.5 10.2 9.8 8.2
 24.6 23.3 19.2 18.5 21.1 18.3 13.7 14.9 12.8 12.4 11.5 11.5 11.5 9.1 8.2 9.0 9.0
 22.0 20.2 20.3 18.6 13.8 14.2 12.4 12.2 13.8 11.1 10.5 8.4 10.3 8.2 8.0 8.4
 18.6 19.0 17.0 14.6 13.5 12.8 11.5 11.1 9.5 8.6 8.7 8.9 8.1 6.5 5.2
 17.7 15.3 13.3 13.1 12.7 11.0 10.9 7.8 10.1 8.2 7.0 6.6 6.8 6.3
 14.1 12.5 11.5 10.3 10.6 8.0 9.0 8.3 8.4 5.5 7.7 6.3 5.7
 12.4 10.9 9.8 9.0 9.6 8.6 7.5 6.7 7.1 6.4 4.9 5.4
 11.8 8.0 9.5 7.4 6.3 7.0 5.6 6.1 5.9 5.7 5.3
 8.9 8.9 8.0 7.6 6.7 5.8 6.7 4.6 5.1 3.4
 8.7 8.2 6.3 6.2 5.6 4.1 5.4 5.2 4.4
 7.8 5.1 7.0 5.4 3.9 5.0 4.6 3.8
 6.7 6.1 5.3 4.7 3.9 3.6 3.4
 4.6 5.5 3.3 4.8 4.4 3.6
 4.0 3.8 4.7 3.1 4.5
 3.7 3.9 4.2 2.8
 2.9 3.8 3.6
 2.5 2.1
 3.1
