 69.9 65.5 65.0 64.4 58.6 60.1 58.7 57.3 57.0 57.0 51.3 54.1 51.1 49.6 50.1 49.8 49.2 49.6 44.6 49.1
 65.3 65.1 61.2 59.8 58.4 56.8 55.6 52.0 50.3 49.4 53.2 45.9 49.0 47.6 48.2 45.3 46.7 45.5 45.7
 62.1 61.9 57.1 56.6 55.0 52.8 50.8 51.7 48.5 49.6 48.6 45.3 46.7 46.5 45.2 43.9 43.2 43.9
 56.6 55.5 56.0 53.4 52.4 53.1 49.3 47.9 46.3 48.4 43.8 45.3 44.2 43.4 40.0 42.1 43.2
 58.7 57.4 55.5 50.9 47.9 48.5 48.9 45.8 47.6 44.7 44.3 44.3 44.2 42.2 41.0 43.7
 50.5 50.7 48.8 48.9 47.0 46.2 43.0 42.9 44.9 41.7 41.4 41.2 39.3 40.8 38.7
 50.9 47.5 49.5 45.1 47.2 44.4 44.0 40.8 39.0 38.5 39.6 38.8 37.6 37.7
 50.0 47.5 47.7 43.3 45.2 42.4 40.3 42.2 37.3 39.4 41.0 38.4 34.9
 47.6 45.3 45.8 38.6 39.2 38.8 39.3 37.5 37.2 36.2 36.5 34.8
 45.5 42.1 41.2 37.6 40.2 37.6 38.0 37.2 35.4 35.0 36.8
 44.4 39.9 39.9 37.1 38.1 35.4 35.5 36.3 34.9 32.7
 42.9 38.9 36.3 35.7 34.6 35.8 36.0 35.3 34.4
 39.3 37.7 37.9 32.5 33.5 33.0 33.6 33.9
 37.0 34.8 34.8 32.8 31.5 30.9 32.3
 36.1 33.2 32.9 33.6 30.7 32.5
 31.3 32.5 31.1 30.3 32.6
 32.9 30.9 31.4 29.3
 29.2 29.1 32.2
 30.1 27.8
 30.0
