 98.2 98.3 97.6 97.5 97.1 97.0 96.9 96.3 96.6 96.2 94.6 96.5 95.0 93.8 94.3 95.0 92.8 94.0 93.6 93.3
 97.6 96.9 95.8 96.6 96.2 95.7 95.7 95.1 95.1 95.5 95.8 93.6 94.2 93.4 94.3 93.4 93.2 93.8 93.2
 97.1 97.7 96.4 96.3 95.2 95.5 95.2 95.6 95.0 93.5 94.5 94.0 94.3 94.4 93.7 93.7 93.3 92.6
 95.9 95.3 95.9 96.5 95.6 94.1 95.0 93.9 93.6 92.3 93.3 93.3 93.3 92.8 90.6 92.2 91.3
 96.7 96.1 95.5 94.7 93.6 93.9 94.2 93.3 93.3 92.8 92.9 93.8 92.5 91.5 91.1 91.4
 95.1 93.5 94.4 94.4 93.9 94.5 94.6 92.0 92.1 92.6 92.8 92.1 91.2 90.4 89.4
 95.4 94.9 93.5 93.2 93.9 91.5 92.5 91.8 91.2 91.1 90.9 91.5 90.0 88.7
 94.9 94.7 94.5 92.7 92.9 92.6 91.6 92.1 91.7 91.9 90.4 89.1 90.1
 94.1 92.4 92.6 91.2 90.4 90.3 89.1 90.3 91.2 90.2 89.0 89.8
 93.5 91.8 92.5 89.9 92.0 89.8 89.6 87.6 89.4 89.5 89.0
 91.8 90.9 90.6 90.7 90.7 89.3 90.0 88.1 89.4 88.2
 91.3 91.3 90.6 88.1 87.7 89.0 87.8 88.4 87.3
 90.0 90.4 88.8 88.7 88.1 88.3 87.7 87.6
 91.6 88.4 89.5 86.6 88.4 86.5 86.7
 89.1 88.2 87.7 88.4 88.0 87.2
 88.1 86.8 86.2 85.3 84.5
 89.3 85.7 85.8 87.1
 87.6 86.8 87.3
 85.5 86.0
 85.5
