 37.4 35.3 33.6 32.5 29.5 28.3 29.8 27.7 25.5 24.7 21.0 24.5 22.9 21.4 21.6 22.2 19.5 24.3 18.5 21.2
 34.4 33.0 32.8 31.1 26.9 27.4 25.1 23.5 23.1 23.6 22.1 17.9 19.6 19.7 17.7 18.3 19.6 18.8 19.9
 31.4 29.8 25.2 28.0 24.8 22.0 24.7 23.4 21.3 22.8 20.4 18.9 17.1 17.7 17.7 18.5 16.3 15.6
 26.5 27.7 24.4 26.2 24.7 22.6 20.5 19.3 18.9 21.4 16.5 18.1 19.5 16.4 15.5 14.9 16.8
 26.0 27.4 25.0 21.5 17.9 19.9 20.5 19.6 18.6 16.1 17.3 16.0 17.2 14.7 15.1 15.3
 21.5 21.9 20.2 21.2 18.4 17.6 16.3 15.7 16.9 15.7 13.7 16.0 15.5 13.6 13.2
 20.7 19.4 19.5 17.8 16.9 17.0 18.3 15.5 14.0 13.0 14.8 13.1 12.8 12.1
 19.6 19.3 19.0 16.8 18.4 15.2 14.7 16.5 14.7 13.1 14.4 14.0 12.4
 18.4 17.3 16.5 13.9 15.0 12.7 12.2 14.4 13.7 13.6 12.8 10.6
 16.1 13.7 15.3 13.6 13.9 12.4 11.2 12.9 12.7 12.7 11.6
 15.8 13.5 14.1 12.7 13.4 10.8 11.0 11.8 11.4 10.0
 15.4 11.5 12.5 11.6 9.5 10.9 11.3 10.8 11.1
 13.9 11.6 12.1 8.5 10.0 9.8 10.4 10.8
 11.9 10.3 10.9 11.5 10.7 10.1 8.5
 11.2 10.7 8.3 11.0 8.9 7.4
 8.6 10.1 9.1 9.9 9.2
 10.4 10.0 9.6 9.1
 8.4 6.6 8.8
 7.8 6.8
 7.6
