 90.3 88.1 87.4 87.0 85.4 85.5 83.8 82.7 83.0 83.4 80.3 80.7 79.2 79.6 80.8 78.9 77.3 77.9 77.0 77.5
 88.4 87.3 85.9 84.8 83.4 83.7 82.3 79.4 79.6 79.8 83.9 75.5 77.8 77.3 77.3 76.3 75.4 75.2 74.5
 87.3 85.9 82.7 82.1 80.9 80.2 81.1 80.6 77.7 78.4 77.9 76.9 75.6 75.7 75.1 73.3 75.2 74.0
 84.2 83.6 83.7 82.7 80.9 79.6 78.4 76.7 77.0 75.0 75.7 75.1 72.7 75.5 70.0 70.8 72.0
 85.1 83.2 82.0 79.4 76.6 76.4 76.7 76.9 76.9 74.3 74.9 74.8 75.1 70.7 71.4 72.2
 80.3 78.9 79.8 78.6 75.6 76.0 74.9 74.2 74.3 71.9 71.3 71.1 70.0 70.3 69.1
 79.8 77.5 77.1 75.4 73.6 74.8 74.3 70.9 69.0 68.7 69.4 68.0 67.4 68.2
 78.1 77.8 77.3 73.2 73.4 72.6 72.1 73.0 68.6 70.8 69.7 66.4 67.7
 75.8 73.7 72.9 70.5 69.2 70.0 69.0 68.9 69.3 67.8 67.6 67.8
 74.9 69.7 72.7 68.6 70.1 67.6 70.0 63.7 66.9 64.7 67.5
 76.0 71.2 72.4 69.4 68.7 66.3 66.9 65.0 65.5 63.7
 72.1 68.0 68.3 65.2 66.4 66.6 64.3 66.2 65.6
 66.8 69.0 68.5 65.1 63.6 63.7 63.1 63.3
 68.3 64.6 67.1 61.3 63.8 63.6 61.4
 67.9 64.7 65.5 65.9 62.1 64.2
 64.0 63.6 60.8 61.2 60.1
 66.2 62.5 62.4 59.4
 60.5 60.5 62.1
 60.7 59.7
 61.7
