 95.4 94.9 94.8 94.9 94.4 95.4 94.6 95.4 94.6 94.3 93.7 94.4 93.7 94.4 93.1 94.2 93.8 94.2 94.0 93.7
 95.7 95.5 95.0 94.8 94.8 94.7 93.2 94.4 94.8 94.7 94.0 94.0 94.3 93.8 93.2 93.5 93.5 93.6 95.1
 95.2 94.9 95.1 94.6 94.2 94.0 94.3 94.3 94.3 94.6 94.6 94.3 94.2 94.1 93.4 92.5 93.5 94.5
 95.4 95.5 94.3 93.4 94.3 93.8 93.6 94.0 93.7 93.4 94.1 92.8 93.6 93.2 94.1 92.1 93.6
 95.1 94.1 93.9 94.8 94.1 93.9 94.8 94.4 94.2 92.6 93.2 94.2 93.5 94.2 92.7 93.8
 94.6 94.2 93.5 94.0 93.6 94.5 93.1 93.8 93.4 94.0 93.4 92.5 92.9 92.9 92.4
 93.3 93.4 93.0 93.8 92.9 93.7 92.9 92.0 92.0 93.5 93.8 94.1 93.5 92.3
 94.1 93.6 92.7 93.6 92.7 93.8 93.8 93.5 92.2 92.4 93.4 92.2 92.7
 93.7 93.6 92.9 92.8 94.5 92.1 93.4 93.2 93.8 93.1 92.5 93.1
 93.4 92.6 93.7 93.1 92.8 92.3 92.6 91.7 92.3 93.3 91.7
 92.0 92.7 93.4 93.8 94.0 92.6 93.4 91.9 92.1 91.5
 92.5 92.8 92.0 92.8 91.6 91.8 92.6 91.5 93.1
 93.2 91.3 92.7 92.2 92.9 92.2 92.0 91.4
 91.8 92.4 92.4 92.8 91.7 91.3 91.5
 92.1 92.3 93.4 91.8 91.2 91.0
 90.8 92.5 92.2 92.2 91.0
 92.4 91.5 90.9 90.6
 91.8 92.3 91.7
 91.9 90.6
 91.3
