 99.0 99.1 98.8 98.4 98.5 99.0 97.9 99.0 99.0 98.9 98.6 98.4 98.4 98.1 98.3 98.1 98.3 99.0 99.1 98.3
 99.3 98.9 98.9 98.9 98.8 98.8 98.3 98.6 99.0 98.6 97.9 98.3 98.3 98.3 97.8 99.1 98.5 98.3 98.1
 99.0 98.3 99.1 98.5 98.7 98.9 99.0 98.3 99.0 98.6 98.7 98.9 97.8 98.5 98.0 98.0 98.4 97.8
 99.3 99.1 98.5 98.2 98.0 98.6 98.5 98.6 98.4 99.0 98.1 97.6 98.5 97.6 98.5 97.9 98.4
 98.7 98.0 98.8 98.5 98.5 98.2 98.7 97.9 97.9 97.9 98.2 98.5 98.0 98.6 97.8 98.4
 98.5 98.0 97.9 98.7 97.8 98.1 98.1 98.1 98.1 98.5 98.5 98.0 97.5 98.0 97.7
 97.9 98.5 97.7 98.2 98.3 98.4 98.0 97.3 97.8 98.8 98.4 98.2 98.5 98.6
 98.5 98.2 97.4 97.8 97.5 98.5 98.1 97.5 97.6 98.1 98.5 98.7 97.8
 97.9 98.2 97.3 97.7 98.5 97.5 97.9 98.2 98.1 97.3 97.6 97.9
 98.7 98.0 98.7 98.2 97.4 97.3 98.0 97.6 97.0 98.3 97.7
 98.3 97.9 98.6 97.9 98.5 97.7 98.0 97.9 98.2 98.1
 97.9 98.0 98.3 98.1 97.3 97.8 97.2 97.6 97.2
 98.3 97.4 98.3 97.3 98.4 97.6 97.6 97.7
 96.8 97.3 97.5 97.8 97.2 96.8 97.6
 97.0 97.4 97.9 96.7 97.4 97.2
 97.4 97.5 98.2 98.0 97.5
 98.4 97.3 97.0 97.3
 97.8 97.6 97.2
 97.8 97.0
 97.5
