 87.3 88.1 87.7 88.2 87.0 88.6 86.4 88.5 86.8 85.3 85.7 85.0 85.4 86.3 84.1 84.3 85.1 84.8 84.0 83.2
 89.2 87.3 86.8 86.8 86.9 86.8 85.6 86.1 87.1 84.9 84.9 86.4 84.8 85.5 83.6 83.8 84.2 85.2 85.8
 87.5 86.9 87.5 86.6 85.9 85.1 85.9 85.9 86.5 84.8 86.7 84.5 84.0 84.4 84.8 82.9 84.3 83.1
 86.6 86.6 87.2 85.5 86.1 84.5 85.4 85.9 83.8 84.9 84.3 81.9 85.0 83.0 84.7 82.5 84.1
 85.9 86.1 86.7 86.1 84.5 84.1 84.8 84.2 85.9 83.9 85.0 83.6 83.4 82.6 82.2 83.1
 86.5 84.9 84.5 84.2 84.7 84.8 84.7 83.9 83.0 84.3 83.4 83.2 82.7 82.1 82.7
 85.2 84.1 85.0 84.9 83.0 84.8 83.4 82.9 82.0 84.0 82.9 83.1 82.6 82.2
 84.7 84.5 83.3 84.0 82.6 83.5 83.0 83.0 81.5 82.0 83.1 80.8 82.3
 84.1 83.8 82.5 84.3 85.5 81.4 81.7 82.8 81.9 83.2 80.6 82.1
 83.5 83.1 84.5 83.2 82.1 82.7 81.1 81.8 82.1 81.2 81.0
 82.9 83.2 82.1 83.2 82.5 81.3 82.6 80.5 80.7 80.0
 82.5 80.6 80.4 82.9 82.2 79.1 81.2 80.7 82.5
 82.8 81.8 81.8 81.8 82.0 79.8 79.6 79.7
 80.2 79.2 81.7 81.1 79.8 79.9 80.7
 80.2 81.9 79.6 78.8 79.1 77.6
 80.5 80.6 79.2 78.5 78.8
 80.9 80.8 78.6 78.3
 76.9 77.4 78.6
 77.5 76.7
 79.3
