 73.4 75.7 71.7 73.7 71.9 72.9 73.5 71.5 71.7 70.0 68.7 67.5 67.5 68.9 68.3 67.2 67.3 66.4 65.2 64.6
 74.6 71.7 71.2 71.9 70.7 71.2 69.4 69.2 70.2 68.2 68.4 69.0 66.7 66.4 66.3 64.3 65.3 65.7 64.0
 71.9 73.4 72.0 70.6 70.9 69.6 69.7 67.9 67.1 65.1 67.8 66.5 63.7 64.1 64.8 61.3 65.5 63.2
 71.5 69.4 69.8 68.8 68.8 67.8 66.4 67.5 64.2 66.3 63.6 61.5 65.6 63.5 63.8 63.3 62.3
 69.9 68.1 68.9 67.6 65.7 66.3 64.2 65.1 65.1 64.2 66.1 65.4 63.2 62.0 60.8 62.1
 69.4 67.7 66.7 67.4 65.4 65.8 65.8 63.5 62.1 64.4 62.7 61.8 61.5 61.2 61.5
 68.6 66.0 64.9 65.8 63.5 62.7 64.3 62.6 60.9 64.8 61.1 61.8 62.0 62.3
 66.8 63.7 66.3 63.5 62.0 61.9 61.9 63.2 61.8 60.9 58.6 56.8 59.7
 63.5 64.2 65.4 64.0 62.6 60.1 61.3 61.7 59.4 60.7 58.5 59.8
 64.0 62.6 62.6 59.5 60.8 60.3 62.1 57.4 56.8 56.2 58.0
 64.1 62.8 60.8 59.0 58.8 55.5 59.2 57.8 55.5 54.3
 58.9 60.2 59.7 59.2 58.2 58.0 57.6 55.4 57.0
 60.2 59.4 57.6 56.4 54.9 54.4 52.5 53.5
 57.4 57.0 56.9 56.4 53.7 53.2 54.2
 56.1 57.7 52.5 53.5 54.6 51.2
 54.6 54.5 52.7 51.5 52.2
 54.1 51.1 54.0 52.8
 50.1 51.6 50.8
 50.8 48.9
 50.8
