 50.0 51.4 48.5 47.3 45.4 45.2 45.4 42.3 44.5 41.6 39.8 40.4 39.4 38.4 37.4 36.4 38.2 36.1 34.2 35.4
 49.5 46.7 46.0 43.8 42.8 42.4 40.7 41.2 39.4 39.3 38.0 37.3 36.9 35.1 34.7 35.1 31.6 31.8 33.0
 45.7 45.3 43.0 42.9 41.5 40.1 39.5 40.0 38.3 34.2 37.2 35.5 33.2 34.9 34.3 34.1 32.5 31.2
 44.6 42.3 42.6 40.4 41.0 37.8 37.3 37.2 35.5 33.5 34.4 34.2 32.3 33.1 32.1 32.0 29.3
 42.4 36.8 40.4 38.2 36.8 35.2 31.6 35.0 31.4 34.4 31.3 31.8 32.5 30.7 28.1 28.6
 41.5 38.9 35.7 38.0 35.4 33.7 33.5 32.8 30.4 31.0 30.4 31.3 29.7 31.2 27.7
 36.0 35.6 36.0 35.6 30.9 33.4 32.0 29.6 27.2 30.1 27.1 29.1 27.8 25.9
 37.0 33.3 32.5 33.0 29.0 30.2 27.0 28.6 28.7 28.6 26.5 25.6 26.6
 32.8 32.8 34.2 31.9 29.9 27.5 26.3 24.2 27.4 25.3 25.6 25.1
 30.0 29.4 28.3 25.3 27.9 28.0 24.6 25.8 24.7 22.5 21.6
 28.1 28.7 29.5 24.9 27.1 24.2 24.5 24.2 22.0 22.9
 27.0 25.7 25.9 25.2 21.8 23.8 22.8 22.5 21.4
 27.0 25.2 24.8 22.5 25.3 22.3 19.9 21.6
 25.3 24.5 21.5 21.2 21.9 21.2 18.3
 24.1 23.2 21.6 20.6 20.5 18.5
 22.0 22.7 17.8 20.4 19.0
 19.5 18.9 21.0 19.6
 20.7 18.6 19.3
 17.1 15.5
 17.4
