 98.7 98.4 97.7 98.0 97.1 97.9 96.9 97.4 97.5 97.5 96.7 96.6 96.8 96.5 97.1 95.7 96.2 95.5 96.5 97.1
 98.5 97.8 98.3 97.6 96.9 96.9 97.4 97.1 97.7 96.2 97.0 97.0 97.4 97.8 97.3 95.8 96.9 96.3 96.7
 97.1 97.6 97.1 97.3 96.8 97.3 96.6 96.5 97.1 96.6 96.6 96.0 97.0 96.7 97.1 95.1 95.7 95.8
 97.1 97.2 97.3 97.9 96.4 96.8 97.3 96.6 96.7 95.5 95.8 96.0 96.1 96.2 95.3 96.0 95.3
 96.6 97.0 96.8 96.9 96.0 96.3 96.1 96.1 96.4 95.7 94.7 95.6 96.2 95.8 96.0 95.5
 96.8 96.7 96.6 96.0 95.9 95.5 96.3 96.9 96.4 96.8 95.7 95.3 95.7 94.7 96.2
 97.1 97.1 96.0 95.8 95.5 96.1 95.1 96.5 95.6 95.3 95.1 95.2 95.8 95.5
 95.7 96.1 97.0 96.1 96.1 95.2 95.4 95.1 95.1 95.5 94.4 95.7 95.0
 96.1 96.5 96.4 95.2 95.4 95.4 94.7 94.4 94.5 94.7 93.9 94.7
 95.5 95.8 95.0 95.4 94.3 94.5 94.8 95.0 94.9 94.6 95.0
 95.2 95.0 94.8 95.0 95.0 95.3 94.7 94.2 94.6 93.0
 94.5 95.2 94.3 93.2 94.1 94.2 93.5 94.3 93.4
 95.7 94.5 94.4 93.8 93.9 94.3 93.1 92.7
 94.7 93.8 93.2 93.6 92.8 92.6 92.7
 93.5 93.7 92.9 93.2 92.5 91.9
 94.0 93.0 93.2 93.5 92.2
 93.2 91.5 92.2 91.7
 92.1 91.7 91.0
 91.8 91.2
 90.6
