 51.1 48.3 46.9 44.9 39.7 40.3 40.0 41.8 38.4 36.0 34.6 35.2 32.0 32.7 30.1 30.9 31.5 29.0 30.3 30.4
 48.0 44.1 43.0 41.8 37.4 37.6 38.7 33.4 32.1 32.3 33.9 32.2 30.8 27.6 28.4 28.0 28.8 27.4 26.6
 42.5 40.3 38.4 37.2 35.9 34.3 33.9 33.1 32.3 29.1 28.8 30.9 29.5 26.3 26.2 24.9 27.7 24.6
 38.5 37.1 36.9 31.1 31.8 32.8 28.7 29.3 29.8 28.3 27.1 25.4 24.4 24.6 25.3 21.7 22.1
 36.1 34.8 35.3 31.8 30.8 28.8 27.3 29.6 27.2 27.5 25.1 25.1 21.1 18.5 21.2 21.9
 33.0 33.0 30.0 26.8 27.0 24.3 26.3 25.8 21.7 24.6 22.0 21.2 22.4 21.2 21.1
 28.7 30.3 26.7 25.5 26.6 21.8 24.3 23.1 22.3 20.1 21.1 20.1 18.1 18.6
 27.3 24.5 26.6 23.2 21.5 20.8 19.0 19.1 21.1 17.4 17.7 19.9 15.6
 25.6 25.2 22.2 21.6 20.6 21.3 19.9 18.0 16.3 19.4 16.9 15.6
 20.2 20.9 23.1 18.2 18.5 16.3 18.9 16.5 14.6 16.8 16.4
 19.2 18.7 15.8 17.8 18.6 15.8 17.2 14.7 14.8 14.7
 18.8 15.5 17.9 14.7 16.0 15.7 12.9 14.1 13.3
 17.1 15.5 13.9 17.3 14.5 14.0 12.0 11.5
 14.4 13.8 12.0 13.5 12.5 11.6 14.9
 13.8 12.1 12.2 10.4 12.8 10.4
 11.2 13.8 10.2 10.3 11.3
 12.1 10.7 11.1 9.5
 9.6 9.8 9.9
 9.9 8.5
 8.4
