 93.4 92.2 92.7 92.2 90.9 91.9 90.8 90.4 91.2 89.8 89.0 89.3 88.7 89.7 89.2 87.4 87.8 88.1 86.3 88.0
 91.8 92.2 91.9 92.0 90.7 91.7 90.5 91.0 90.2 89.7 89.6 89.1 89.3 88.6 87.5 86.6 88.1 87.5 86.6
 90.8 91.0 90.0 89.7 89.5 89.5 87.7 89.6 87.9 87.4 88.1 87.6 87.8 86.9 86.5 86.3 87.2 86.4
 90.2 90.0 88.4 89.9 88.0 89.8 87.3 87.1 87.4 87.1 85.9 86.7 86.8 85.2 85.1 85.1 84.2
 90.8 88.8 89.0 87.9 88.0 86.1 86.6 86.7 87.4 86.8 85.5 85.3 85.3 83.9 84.6 82.5
 89.0 87.9 87.6 87.4 86.8 86.0 85.6 86.7 84.5 85.0 84.4 83.1 83.7 83.9 82.7
 88.5 86.4 86.9 86.2 87.0 84.8 83.0 85.0 85.0 85.0 83.7 83.4 81.4 83.8
 85.0 86.2 86.4 84.5 83.3 85.2 84.1 82.7 83.4 82.4 80.5 82.7 80.8
 86.2 87.0 84.1 85.6 84.8 82.3 83.4 81.8 79.0 82.8 79.9 81.2
 83.3 82.6 83.4 81.7 80.0 79.8 80.5 79.7 78.9 79.7 82.7
 81.9 84.0 80.4 81.7 82.4 78.4 78.5 77.6 78.7 76.8
 80.4 80.6 80.7 78.8 80.6 81.0 77.2 77.5 77.7
 80.5 79.0 79.8 77.1 77.7 77.5 76.4 75.0
 78.4 78.0 76.5 76.0 76.9 75.3 75.3
 79.5 74.5 75.8 76.0 75.6 73.7
 74.3 74.2 74.8 75.4 74.4
 74.6 71.8 74.4 70.4
 70.9 71.9 70.4
 70.2 70.8
 68.6
