 78.5 77.8 78.6 75.0 73.9 75.3 71.3 75.3 71.7 70.5 70.6 69.5 66.9 67.8 68.3 65.5 63.2 63.3 63.8 66.2
 77.3 75.3 75.8 73.5 72.2 73.1 70.4 70.4 68.7 68.1 69.2 66.2 65.2 65.3 63.7 64.7 64.8 61.6 62.6
 74.9 73.5 71.1 71.3 68.8 70.3 67.7 68.0 65.4 64.6 66.6 65.0 63.9 62.5 62.3 61.0 60.6 59.0
 71.1 69.6 70.2 67.7 68.8 68.4 65.0 63.4 65.0 63.0 61.4 62.9 63.9 59.9 56.5 57.8 57.2
 69.8 68.5 67.4 64.2 64.8 63.0 63.4 63.1 60.3 62.5 60.3 60.8 60.9 55.9 58.1 57.5
 65.4 66.0 64.7 62.1 62.8 60.1 61.6 62.0 57.8 59.3 57.0 54.8 57.0 53.0 54.2
 63.7 64.5 62.7 60.3 60.2 57.2 57.0 56.7 57.7 55.2 53.5 53.7 51.8 54.2
 62.7 61.3 58.3 57.7 57.4 56.0 53.6 53.2 56.3 50.1 49.2 53.1 49.3
 60.7 57.4 59.6 56.7 55.7 54.6 53.2 51.1 49.5 52.6 50.0 49.5
 54.7 52.2 54.7 51.6 50.5 51.7 51.5 51.1 48.4 50.1 49.0
 52.4 52.8 49.6 51.4 51.2 48.7 49.8 46.5 46.8 45.8
 52.6 47.3 50.5 46.8 49.2 47.6 46.2 46.2 42.9
 50.1 50.0 45.1 46.4 46.3 46.1 44.2 39.9
 47.8 43.9 43.2 43.3 44.6 40.3 42.4
 44.5 39.8 41.8 40.8 42.7 38.9
 44.4 42.5 41.5 41.5 40.1
 40.6 38.6 41.2 38.5
 38.2 37.3 36.1
 36.1 36.2
 35.4
