 94.4 93.7 94.2 94.2 92.9 94.0 92.5 93.4 93.3 92.2 92.5 93.2 92.3 92.6 91.3 93.0 91.6 91.5 93.5 92.2
 93.1 93.8 94.5 93.2 93.4 94.3 93.3 93.3 93.0 92.6 92.9 92.3 91.5 92.0 92.1 93.0 92.3 91.1 92.2
 94.3 93.5 93.1 93.7 93.6 93.8 93.1 92.8 92.2 92.1 93.1 91.4 92.3 91.8 91.5 91.9 92.6 92.5
 93.5 92.6 92.6 94.0 92.0 93.0 93.4 92.4 92.5 91.4 92.0 91.5 91.9 92.4 91.8 91.3 91.0
 93.7 93.8 93.2 92.3 92.9 93.0 92.9 92.6 93.2 91.5 91.2 90.6 91.9 91.3 90.4 90.5
 93.5 92.0 92.8 92.3 91.2 92.7 92.5 92.1 91.4 92.1 91.8 92.0 92.7 90.3 90.8
 93.9 92.4 92.5 91.2 91.4 91.0 91.5 91.2 91.5 89.6 90.5 90.3 90.1 90.8
 93.2 92.2 93.2 92.3 90.7 91.9 90.3 91.4 92.2 90.4 91.0 89.7 90.1
 92.5 94.1 92.2 90.4 90.6 90.1 90.9 90.1 92.0 90.8 92.0 89.5
 91.8 92.6 91.5 91.6 91.6 90.4 89.9 90.5 91.4 91.4 90.6
 90.9 91.7 90.9 91.2 91.2 90.0 90.4 90.2 89.5 91.5
 90.6 91.3 90.9 91.1 91.4 89.3 90.1 89.7 89.7
 91.4 90.7 89.7 91.4 90.6 89.5 88.3 89.7
 91.7 91.0 90.2 90.1 90.0 89.1 90.2
 90.5 91.1 89.8 88.8 88.9 89.4
 90.3 89.7 89.6 89.8 89.2
 89.8 88.6 89.2 88.7
 90.1 89.6 89.7
 88.6 88.5
 90.3
