 67.2 64.2 64.1 62.2 59.1 58.3 58.4 56.5 56.7 56.8 53.3 51.6 52.2 48.7 46.9 50.1 47.7 47.3 45.3 43.7
 63.3 62.9 62.0 60.4 58.4 57.4 55.7 57.6 55.1 52.0 50.0 50.5 50.3 47.3 48.4 47.7 44.4 47.8 45.8
 61.4 60.3 57.6 57.9 56.7 57.8 52.0 52.7 51.5 48.9 50.1 49.9 47.7 45.1 44.3 44.9 45.2 43.8
 58.6 57.5 57.2 57.6 53.3 53.0 49.8 51.0 50.0 47.3 50.1 45.0 47.7 43.3 44.7 43.9 43.3
 58.0 57.5 55.2 51.7 53.6 49.1 48.9 47.4 48.2 47.3 45.0 44.4 43.8 40.3 38.5 40.4
 55.0 52.9 50.7 50.3 48.9 48.1 49.4 46.2 45.5 43.4 41.7 44.8 43.5 42.1 40.5
 52.9 52.8 49.8 50.3 46.8 46.7 45.1 45.7 42.9 40.9 43.4 41.4 42.5 37.2
 49.9 46.9 50.2 49.1 46.1 42.8 39.7 40.4 40.3 39.2 40.8 40.7 36.7
 46.1 47.4 44.7 46.0 43.8 40.3 41.5 40.4 39.2 37.3 37.6 33.5
 47.1 46.8 43.7 40.4 41.8 40.1 42.7 37.4 38.5 37.4 37.9
 41.0 43.2 41.8 40.9 40.1 40.2 37.4 35.2 35.5 36.5
 41.1 40.7 39.0 37.2 37.9 37.5 34.5 31.3 33.7
 38.3 37.8 37.6 34.5 36.4 35.2 33.5 32.9
 40.1 37.4 39.2 35.2 37.0 33.0 32.5
 36.8 34.9 33.8 33.5 33.8 31.1
 34.4 34.3 34.5 32.7 31.2
 32.5 32.2 31.3 33.0
 33.3 30.4 29.6
 31.3 27.6
 29.7
