 34.8 33.4 31.6 29.2 24.9 25.0 25.0 23.6 21.5 21.2 18.3 19.0 17.3 17.9 14.6 17.1 15.6 14.6 15.8 13.8
 32.1 28.9 25.0 25.5 24.8 23.8 22.7 22.3 20.4 18.5 16.4 16.8 15.7 13.6 17.7 13.6 13.2 13.2 13.7
 28.7 25.3 25.8 24.0 23.6 21.1 19.6 18.5 17.8 14.8 16.5 16.2 12.5 12.9 12.9 12.4 13.4 12.5
 26.4 24.9 23.0 22.9 17.8 18.7 14.2 15.3 14.5 15.2 15.2 12.0 14.0 12.4 10.6 12.4 12.5
 22.5 20.6 19.7 19.1 17.8 17.9 16.1 14.4 12.6 13.1 14.7 11.5 11.7 10.8 9.2 10.5
 22.0 19.5 18.3 16.8 15.4 15.6 14.9 15.0 12.4 10.6 11.4 13.4 12.4 9.0 9.7
 20.2 16.8 16.8 15.8 13.9 13.4 12.5 13.2 11.0 10.5 11.1 10.4 9.5 8.8
 17.5 16.0 16.5 14.9 11.3 13.7 10.6 10.8 11.6 8.8 10.1 9.0 8.3
 14.8 14.1 11.3 13.6 11.7 9.5 11.6 9.4 8.5 9.6 8.3 6.9
 14.1 13.7 10.9 11.2 10.9 10.9 8.0 8.8 8.7 9.1 7.9
 11.8 11.9 10.4 9.4 11.7 8.9 9.0 8.1 7.5 8.9
 10.3 9.9 9.8 7.5 9.1 8.0 9.2 7.6 6.4
 7.9 10.0 8.4 8.7 8.4 7.1 6.6 5.9
 10.2 9.0 7.9 6.8 8.2 6.8 6.1
 8.2 8.0 6.4 7.4 6.3 6.1
 9.1 5.8 6.1 6.8 4.9
 6.4 6.3 4.3 5.7
 7.3 5.7 5.4
 5.9 5.7
 4.5
