 85.0 85.3 85.2 84.2 82.1 82.8 82.0 80.6 81.9 81.4 80.3 79.5 78.8 79.3 77.2 79.4 77.4 77.2 76.9 78.2
 84.5 84.3 84.4 83.4 81.6 83.2 81.9 80.9 81.3 80.9 79.6 79.1 79.4 78.3 78.2 77.1 76.2 77.8 76.6
 83.7 81.9 82.8 81.5 81.0 81.5 79.9 78.8 80.0 78.1 78.3 78.7 77.7 75.4 74.6 75.9 75.4 75.4
 83.0 81.7 82.3 83.9 79.4 80.5 80.7 77.9 78.7 78.3 77.2 77.7 77.0 75.1 75.4 75.6 76.2
 83.0 82.0 80.5 79.7 80.3 78.9 79.2 76.3 77.6 78.3 75.5 75.3 75.7 73.5 72.4 74.1
 80.6 80.9 80.0 78.7 77.7 77.0 78.8 76.0 77.1 76.5 74.9 75.0 75.8 75.5 74.2
 80.1 79.5 79.4 79.2 76.3 76.8 76.3 77.3 75.5 74.2 75.4 72.0 73.7 72.8
 79.0 78.9 79.5 78.3 76.4 75.6 73.7 74.2 74.2 73.4 74.2 71.6 71.7
 77.6 77.4 79.0 76.1 75.1 73.8 74.6 73.5 72.1 71.5 73.4 71.1
 77.7 77.3 74.8 74.6 75.1 74.1 72.9 70.6 72.8 70.0 71.4
 75.4 75.5 74.6 74.4 71.0 72.9 72.2 71.3 71.0 71.4
 74.0 73.4 73.5 73.2 71.8 72.1 70.8 66.4 71.0
 72.3 73.1 70.4 73.9 71.9 69.1 69.3 69.6
 72.4 73.6 72.5 71.5 70.4 68.5 71.3
 71.5 70.6 69.4 68.7 67.3 67.0
 68.5 68.3 69.2 69.1 65.9
 70.5 66.6 66.2 68.1
 68.0 66.3 67.1
 65.8 66.2
 66.8
